Problem: m=45, n=12, k=6, j=5, s=5
Samples: [1, 2, 3, 4, 5, 6, 7, 8, 9, 10, 11, 12]
Results Count: 132
--------------------
1. [1, 2, 3, 4, 5, 9]
2. [1, 2, 3, 4, 6, 7]
3. [1, 2, 3, 4, 8, 10]
4. [1, 2, 3, 4, 11, 12]
5. [1, 2, 3, 5, 6, 11]
6. [1, 2, 3, 5, 7, 10]
7. [1, 2, 3, 5, 8, 12]
8. [1, 2, 3, 6, 8, 9]
9. [1, 2, 3, 6, 10, 12]
10. [1, 2, 3, 7, 8, 11]
11. [1, 2, 3, 7, 9, 12]
12. [1, 2, 3, 9, 10, 11]
13. [1, 2, 4, 5, 6, 10]
14. [1, 2, 4, 5, 7, 12]
15. [1, 2, 4, 5, 8, 11]
16. [1, 2, 4, 6, 8, 12]
17. [1, 2, 4, 6, 9, 11]
18. [1, 2, 4, 7, 8, 9]
19. [1, 2, 4, 7, 10, 11]
20. [1, 2, 4, 9, 10, 12]
21. [1, 2, 5, 6, 7, 8]
22. [1, 2, 5, 6, 9, 12]
23. [1, 2, 5, 7, 9, 11]
24. [1, 2, 5, 8, 9, 10]
25. [1, 2, 5, 10, 11, 12]
26. [1, 2, 6, 7, 9, 10]
27. [1, 2, 6, 7, 11, 12]
28. [1, 2, 6, 8, 10, 11]
29. [1, 2, 7, 8, 10, 12]
30. [1, 2, 8, 9, 11, 12]
31. [1, 3, 4, 5, 6, 8]
32. [1, 3, 4, 5, 7, 11]
33. [1, 3, 4, 5, 10, 12]
34. [1, 3, 4, 6, 9, 12]
35. [1, 3, 4, 6, 10, 11]
36. [1, 3, 4, 7, 8, 12]
37. [1, 3, 4, 7, 9, 10]
38. [1, 3, 4, 8, 9, 11]
39. [1, 3, 5, 6, 7, 12]
40. [1, 3, 5, 6, 9, 10]
41. [1, 3, 5, 7, 8, 9]
42. [1, 3, 5, 8, 10, 11]
43. [1, 3, 5, 9, 11, 12]
44. [1, 3, 6, 7, 8, 10]
45. [1, 3, 6, 7, 9, 11]
46. [1, 3, 6, 8, 11, 12]
47. [1, 3, 7, 10, 11, 12]
48. [1, 3, 8, 9, 10, 12]
49. [1, 4, 5, 6, 7, 9]
50. [1, 4, 5, 6, 11, 12]
51. [1, 4, 5, 7, 8, 10]
52. [1, 4, 5, 8, 9, 12]
53. [1, 4, 5, 9, 10, 11]
54. [1, 4, 6, 7, 8, 11]
55. [1, 4, 6, 7, 10, 12]
56. [1, 4, 6, 8, 9, 10]
57. [1, 4, 7, 9, 11, 12]
58. [1, 4, 8, 10, 11, 12]
59. [1, 5, 6, 7, 10, 11]
60. [1, 5, 6, 8, 9, 11]
61. [1, 5, 6, 8, 10, 12]
62. [1, 5, 7, 8, 11, 12]
63. [1, 5, 7, 9, 10, 12]
64. [1, 6, 7, 8, 9, 12]
65. [1, 6, 9, 10, 11, 12]
66. [1, 7, 8, 9, 10, 11]
67. [2, 3, 4, 5, 6, 12]
68. [2, 3, 4, 5, 7, 8]
69. [2, 3, 4, 5, 10, 11]
70. [2, 3, 4, 6, 8, 11]
71. [2, 3, 4, 6, 9, 10]
72. [2, 3, 4, 7, 9, 11]
73. [2, 3, 4, 7, 10, 12]
74. [2, 3, 4, 8, 9, 12]
75. [2, 3, 5, 6, 7, 9]
76. [2, 3, 5, 6, 8, 10]
77. [2, 3, 5, 7, 11, 12]
78. [2, 3, 5, 8, 9, 11]
79. [2, 3, 5, 9, 10, 12]
80. [2, 3, 6, 7, 8, 12]
81. [2, 3, 6, 7, 10, 11]
82. [2, 3, 6, 9, 11, 12]
83. [2, 3, 7, 8, 9, 10]
84. [2, 3, 8, 10, 11, 12]
85. [2, 4, 5, 6, 7, 11]
86. [2, 4, 5, 6, 8, 9]
87. [2, 4, 5, 7, 9, 10]
88. [2, 4, 5, 8, 10, 12]
89. [2, 4, 5, 9, 11, 12]
90. [2, 4, 6, 7, 8, 10]
91. [2, 4, 6, 7, 9, 12]
92. [2, 4, 6, 10, 11, 12]
93. [2, 4, 7, 8, 11, 12]
94. [2, 4, 8, 9, 10, 11]
95. [2, 5, 6, 7, 10, 12]
96. [2, 5, 6, 8, 11, 12]
97. [2, 5, 6, 9, 10, 11]
98. [2, 5, 7, 8, 9, 12]
99. [2, 5, 7, 8, 10, 11]
100. [2, 6, 7, 8, 9, 11]
101. [2, 6, 8, 9, 10, 12]
102. [2, 7, 9, 10, 11, 12]
103. [3, 4, 5, 6, 7, 10]
104. [3, 4, 5, 6, 9, 11]
105. [3, 4, 5, 7, 9, 12]
106. [3, 4, 5, 8, 9, 10]
107. [3, 4, 5, 8, 11, 12]
108. [3, 4, 6, 7, 8, 9]
109. [3, 4, 6, 7, 11, 12]
110. [3, 4, 6, 8, 10, 12]
111. [3, 4, 7, 8, 10, 11]
112. [3, 4, 9, 10, 11, 12]
113. [3, 5, 6, 7, 8, 11]
114. [3, 5, 6, 8, 9, 12]
115. [3, 5, 6, 10, 11, 12]
116. [3, 5, 7, 8, 10, 12]
117. [3, 5, 7, 9, 10, 11]
118. [3, 6, 7, 9, 10, 12]
119. [3, 6, 8, 9, 10, 11]
120. [3, 7, 8, 9, 11, 12]
121. [4, 5, 6, 7, 8, 12]
122. [4, 5, 6, 8, 10, 11]
123. [4, 5, 6, 9, 10, 12]
124. [4, 5, 7, 8, 9, 11]
125. [4, 5, 7, 10, 11, 12]
126. [4, 6, 7, 9, 10, 11]
127. [4, 6, 8, 9, 11, 12]
128. [4, 7, 8, 9, 10, 12]
129. [5, 6, 7, 8, 9, 10]
130. [5, 6, 7, 9, 11, 12]
131. [5, 8, 9, 10, 11, 12]
132. [6, 7, 8, 10, 11, 12]
