Problem: m=45, n=12, k=6, j=5, s=5
Samples: [2, 3, 5, 10, 11, 12, 20, 23, 25, 32, 41, 42]
Results Count: 132
--------------------
1. [2, 3, 5, 10, 11, 42]
2. [2, 3, 5, 10, 12, 41]
3. [2, 3, 5, 10, 20, 32]
4. [2, 3, 5, 10, 23, 25]
5. [2, 3, 5, 11, 12, 32]
6. [2, 3, 5, 11, 20, 23]
7. [2, 3, 5, 11, 25, 41]
8. [2, 3, 5, 12, 20, 25]
9. [2, 3, 5, 12, 23, 42]
10. [2, 3, 5, 20, 41, 42]
11. [2, 3, 5, 23, 32, 41]
12. [2, 3, 5, 25, 32, 42]
13. [2, 3, 10, 11, 12, 23]
14. [2, 3, 10, 11, 20, 25]
15. [2, 3, 10, 11, 32, 41]
16. [2, 3, 10, 12, 20, 42]
17. [2, 3, 10, 12, 25, 32]
18. [2, 3, 10, 20, 23, 41]
19. [2, 3, 10, 23, 32, 42]
20. [2, 3, 10, 25, 41, 42]
21. [2, 3, 11, 12, 20, 41]
22. [2, 3, 11, 12, 25, 42]
23. [2, 3, 11, 20, 32, 42]
24. [2, 3, 11, 23, 25, 32]
25. [2, 3, 11, 23, 41, 42]
26. [2, 3, 12, 20, 23, 32]
27. [2, 3, 12, 23, 25, 41]
28. [2, 3, 12, 32, 41, 42]
29. [2, 3, 20, 23, 25, 42]
30. [2, 3, 20, 25, 32, 41]
31. [2, 5, 10, 11, 12, 20]
32. [2, 5, 10, 11, 23, 41]
33. [2, 5, 10, 11, 25, 32]
34. [2, 5, 10, 12, 23, 32]
35. [2, 5, 10, 12, 25, 42]
36. [2, 5, 10, 20, 23, 42]
37. [2, 5, 10, 20, 25, 41]
38. [2, 5, 10, 32, 41, 42]
39. [2, 5, 11, 12, 23, 25]
40. [2, 5, 11, 12, 41, 42]
41. [2, 5, 11, 20, 25, 42]
42. [2, 5, 11, 20, 32, 41]
43. [2, 5, 11, 23, 32, 42]
44. [2, 5, 12, 20, 23, 41]
45. [2, 5, 12, 20, 32, 42]
46. [2, 5, 12, 25, 32, 41]
47. [2, 5, 20, 23, 25, 32]
48. [2, 5, 23, 25, 41, 42]
49. [2, 10, 11, 12, 25, 41]
50. [2, 10, 11, 12, 32, 42]
51. [2, 10, 11, 20, 23, 32]
52. [2, 10, 11, 20, 41, 42]
53. [2, 10, 11, 23, 25, 42]
54. [2, 10, 12, 20, 23, 25]
55. [2, 10, 12, 20, 32, 41]
56. [2, 10, 12, 23, 41, 42]
57. [2, 10, 20, 25, 32, 42]
58. [2, 10, 23, 25, 32, 41]
59. [2, 11, 12, 20, 23, 42]
60. [2, 11, 12, 20, 25, 32]
61. [2, 11, 12, 23, 32, 41]
62. [2, 11, 20, 23, 25, 41]
63. [2, 11, 25, 32, 41, 42]
64. [2, 12, 20, 25, 41, 42]
65. [2, 12, 23, 25, 32, 42]
66. [2, 20, 23, 32, 41, 42]
67. [3, 5, 10, 11, 12, 25]
68. [3, 5, 10, 11, 20, 41]
69. [3, 5, 10, 11, 23, 32]
70. [3, 5, 10, 12, 20, 23]
71. [3, 5, 10, 12, 32, 42]
72. [3, 5, 10, 20, 25, 42]
73. [3, 5, 10, 23, 41, 42]
74. [3, 5, 10, 25, 32, 41]
75. [3, 5, 11, 12, 20, 42]
76. [3, 5, 11, 12, 23, 41]
77. [3, 5, 11, 20, 25, 32]
78. [3, 5, 11, 23, 25, 42]
79. [3, 5, 11, 32, 41, 42]
80. [3, 5, 12, 20, 32, 41]
81. [3, 5, 12, 23, 25, 32]
82. [3, 5, 12, 25, 41, 42]
83. [3, 5, 20, 23, 25, 41]
84. [3, 5, 20, 23, 32, 42]
85. [3, 10, 11, 12, 20, 32]
86. [3, 10, 11, 12, 41, 42]
87. [3, 10, 11, 20, 23, 42]
88. [3, 10, 11, 23, 25, 41]
89. [3, 10, 11, 25, 32, 42]
90. [3, 10, 12, 20, 25, 41]
91. [3, 10, 12, 23, 25, 42]
92. [3, 10, 12, 23, 32, 41]
93. [3, 10, 20, 23, 25, 32]
94. [3, 10, 20, 32, 41, 42]
95. [3, 11, 12, 20, 23, 25]
96. [3, 11, 12, 23, 32, 42]
97. [3, 11, 12, 25, 32, 41]
98. [3, 11, 20, 23, 32, 41]
99. [3, 11, 20, 25, 41, 42]
100. [3, 12, 20, 23, 41, 42]
101. [3, 12, 20, 25, 32, 42]
102. [3, 23, 25, 32, 41, 42]
103. [5, 10, 11, 12, 23, 42]
104. [5, 10, 11, 12, 32, 41]
105. [5, 10, 11, 20, 23, 25]
106. [5, 10, 11, 20, 32, 42]
107. [5, 10, 11, 25, 41, 42]
108. [5, 10, 12, 20, 25, 32]
109. [5, 10, 12, 20, 41, 42]
110. [5, 10, 12, 23, 25, 41]
111. [5, 10, 20, 23, 32, 41]
112. [5, 10, 23, 25, 32, 42]
113. [5, 11, 12, 20, 23, 32]
114. [5, 11, 12, 20, 25, 41]
115. [5, 11, 12, 25, 32, 42]
116. [5, 11, 20, 23, 41, 42]
117. [5, 11, 23, 25, 32, 41]
118. [5, 12, 20, 23, 25, 42]
119. [5, 12, 23, 32, 41, 42]
120. [5, 20, 25, 32, 41, 42]
121. [10, 11, 12, 20, 23, 41]
122. [10, 11, 12, 20, 25, 42]
123. [10, 11, 12, 23, 25, 32]
124. [10, 11, 20, 25, 32, 41]
125. [10, 11, 23, 32, 41, 42]
126. [10, 12, 20, 23, 32, 42]
127. [10, 12, 25, 32, 41, 42]
128. [10, 20, 23, 25, 41, 42]
129. [11, 12, 20, 32, 41, 42]
130. [11, 12, 23, 25, 41, 42]
131. [11, 20, 23, 25, 32, 42]
132. [12, 20, 23, 25, 32, 41]
